107
8
21 21 21 21 21 21 21 21 21 21 21 21 21 21 21 21 21 21 21 21 21 21 21 21 21 21 21 21 21 21 21 21 21 21 21 21 21 21 21 21 21 21 21 21 21 21 21 21 21 21 21 21 21 21 21 21 21 21 21 21 21 21 21 21 21 21 21 21 21 21 21 21 21 21 21 21 21 21 21 21 21 21 21 21 21 21 21 21 21 21 21 21 21 21 21 21 21 21 21 21 21 21 21 21 21 21 21 
21 19 17 17 17 17 17 17 17 17 17 17 17 17 17 17 17 17 17 17 17 17 17 17 17 17 17 17 17 17 17 17 17 17 17 17 17 17 17 18 21 19 17 17 17 17 17 17 18 21 19 17 17 17 17 17 17 17 17 17 17 17 17 17 17 17 17 17 17 17 17 17 17 17 17 17 17 17 17 17 17 17 17 17 17 17 17 17 17 17 17 17 17 17 17 17 17 17 17 17 17 17 17 17 18 21 21 
21 4 0 0 0 0 0 0 0 3 21 4 0 0 0 0 0 0 0 0 0 0 0 0 0 0 0 0 0 0 0 0 0 0 0 0 0 0 0 3 21 4 0 0 0 0 0 0 3 21 4 0 0 0 0 0 0 0 0 0 0 0 0 0 0 0 0 0 0 0 0 0 0 0 0 0 0 0 0 0 0 0 0 0 0 0 0 0 0 0 0 0 0 0 0 0 0 0 0 0 0 0 0 0 3 21 21 
21 4 0 0 0 0 0 0 0 3 21 4 0 0 3 22 4 0 0 0 0 0 0 0 0 0 0 0 0 0 0 0 0 3 21 4 3 22 8 21 19 0 0 3 21 21 21 2 3 21 4 0 3 21 21 21 21 21 21 2 0 0 0 0 0 0 0 0 0 0 0 0 0 0 0 0 3 22 21 21 4 0 0 0 3 22 8 22 4 0 0 3 22 4 0 0 3 22 4 3 22 22 22 22 8 21 21 
21 4 0 0 0 3 22 22 4 0 17 0 0 0 3 21 4 0 0 0 23 24 25 0 0 0 0 0 23 25 0 0 3 22 22 4 3 22 4 17 0 0 0 3 21 19 17 0 0 17 0 0 1 21 21 21 21 21 21 2 3 21 21 4 1 21 21 4 1 21 21 4 0 1 21 21 4 17 18 21 4 0 0 0 3 22 8 22 8 22 22 22 22 22 22 22 22 22 22 22 19 17 17 17 3 21 21 
21 4 0 0 3 21 22 22 4 0 0 0 0 3 21 21 21 21 4 0 0 0 0 0 0 0 0 0 0 0 10 0 0 18 21 2 3 22 4 0 10 23 25 3 21 2 0 0 0 0 3 22 4 17 17 17 17 17 17 0 0 17 17 0 0 17 17 0 0 17 17 0 0 0 17 17 0 0 3 21 8 22 2 1 22 22 22 22 22 22 19 17 17 17 17 17 17 17 17 17 0 0 0 0 3 21 21 
21 4 9 3 21 21 22 22 4 0 0 3 21 21 21 21 21 21 21 4 3 22 4 0 0 0 0 3 21 4 0 0 0 3 21 2 1 22 2 0 0 0 0 3 21 2 0 0 0 0 1 22 4 0 0 0 0 0 0 1 21 2 0 0 0 0 3 22 4 3 22 4 0 0 0 3 22 21 21 21 8 22 4 3 22 21 22 19 17 17 0 0 0 0 0 3 22 4 9 0 3 22 4 9 3 21 21 
21 21 21 21 21 21 21 21 22 21 21 21 21 21 21 21 21 21 22 21 21 21 21 21 21 21 21 21 21 21 21 21 21 21 21 4 21 21 21 21 21 21 21 21 21 21 21 21 21 21 21 21 21 21 21 21 21 21 21 21 21 21 4 1 21 21 4 18 21 21 19 3 21 8 22 22 22 21 21 21 8 22 22 22 19 18 22 21 21 21 21 21 21 21 21 21 21 21 21 21 21 21 21 21 21 21 21 
