107
8
22 22 22 22 22 22 22 22 22 22 22 22 22 22 22 22 22 22 22 21 21 22 22 22 22 22 22 21 21 22 22 22 22 22 22 22 22 22 22 22 22 22 22 22 22 22 22 22 22 22 22 22 22 22 22 22 22 22 22 22 22 22 22 22 22 22 22 22 22 22 22 22 22 22 22 22 22 22 22 22 22 22 22 22 22 22 22 22 22 22 22 22 22 22 22 22 22 22 22 22 22 22 22 22 22 22 22 
22 19 17 17 17 17 17 18 21 21 21 21 19 17 17 17 17 17 18 21 21 21 21 22 19 17 17 17 18 21 21 21 21 21 17 17 17 17 17 17 17 17 22 19 17 17 18 22 19 17 17 18 22 19 17 17 17 17 17 17 18 22 22 22 19 17 17 17 17 17 17 17 17 17 17 17 17 17 17 17 17 17 17 17 17 17 17 17 17 17 17 18 21 21 21 21 21 21 21 19 0 0 0 0 0 18 22 
22 2 0 0 0 0 0 0 18 21 21 21 2 0 0 0 0 0 0 18 21 21 21 22 2 0 0 0 0 18 21 21 21 19 0 0 0 0 0 0 10 3 22 4 0 0 3 22 4 0 0 3 21 4 0 0 0 0 0 0 0 3 22 22 22 4 0 0 0 0 0 0 0 0 0 0 0 0 0 0 0 0 0 0 0 0 0 0 0 0 0 0 17 17 17 17 18 21 21 2 0 0 0 0 0 1 22 
22 2 0 0 0 3 21 21 4 18 21 21 2 0 1 21 21 21 2 1 21 21 21 22 2 3 22 2 0 3 21 21 21 2 0 3 22 2 0 0 0 0 0 0 0 0 0 0 0 0 0 3 21 4 0 0 0 0 0 0 0 0 3 22 22 4 0 0 0 0 0 0 0 0 0 0 0 0 0 0 0 0 0 0 0 0 0 0 0 0 0 0 0 0 0 0 1 21 21 21 2 0 0 0 0 1 22 
22 2 0 0 1 21 21 22 4 0 18 21 2 3 21 21 21 21 2 0 18 21 21 19 1 21 21 21 2 0 18 21 2 0 1 21 21 21 4 0 0 20 0 0 0 0 0 0 0 0 0 3 22 4 0 3 22 22 22 22 4 0 0 3 22 4 0 0 3 22 22 4 0 0 23 25 0 0 0 0 0 0 0 0 0 0 0 0 0 0 0 0 0 0 0 0 0 18 21 21 21 21 21 2 0 1 22 
22 2 0 3 21 21 21 22 4 0 0 0 0 1 21 21 21 21 2 0 0 0 0 0 3 21 21 21 2 0 0 0 0 0 1 21 21 21 4 0 20 1 22 4 0 0 3 22 4 0 0 0 0 0 3 22 22 22 22 22 22 4 0 0 0 0 0 3 22 22 22 4 0 0 0 0 0 0 23 25 0 0 0 0 0 23 24 24 24 24 24 1 21 2 3 21 2 0 17 17 17 17 18 21 2 1 22 
22 2 3 21 21 21 21 22 4 0 0 0 3 21 21 21 21 21 2 0 0 0 0 3 21 21 21 21 21 2 0 0 0 1 21 21 21 21 21 4 20 3 22 4 0 0 3 22 4 0 0 0 0 0 3 22 22 22 22 22 22 22 4 0 0 0 3 22 22 22 22 4 0 0 0 0 0 0 0 0 0 23 25 0 0 0 0 0 0 0 0 1 21 21 21 21 21 4 0 1 21 4 0 17 0 1 21 
22 21 21 21 21 21 21 21 21 21 21 22 22 22 22 22 22 21 21 21 21 21 21 21 21 21 21 21 21 21 21 22 22 22 22 22 22 22 22 22 22 22 22 22 22 22 22 22 22 22 22 22 22 22 22 22 22 22 22 22 22 22 22 22 22 22 22 22 22 22 22 4 0 0 0 0 0 0 0 0 0 0 0 0 0 0 0 0 0 0 0 1 21 22 22 22 22 22 22 22 22 22 21 22 22 22 22 
