107
8
22 4 0 0 0 0 0 0 0 0 0 0 0 0 0 0 0 0 0 0 0 0 0 0 0 0 0 0 0 0 0 0 0 0 0 0 0 0 0 0 0 0 0 3 22 22 22 22 22 22 22 22 22 22 22 22 22 22 22 22 22 22 22 22 22 22 22 22 22 22 22 22 22 22 22 22 22 22 22 22 22 22 22 22 22 22 22 22 22 22 22 22 22 22 22 22 22 22 22 22 22 22 22 22 22 22 22 
22 4 0 0 0 0 0 0 0 0 0 0 0 0 0 0 0 0 0 0 0 0 0 0 0 0 0 0 0 0 0 0 0 0 0 0 0 0 0 0 0 0 0 0 18 22 22 19 17 17 17 17 17 17 17 17 17 17 17 17 17 17 17 17 17 17 17 17 17 17 18 22 22 22 22 19 17 17 17 17 17 17 17 17 17 17 17 17 17 17 17 18 22 22 22 22 22 19 17 17 17 17 17 17 17 18 22 
22 4 0 0 0 0 0 0 0 0 0 0 0 0 0 0 0 0 0 0 0 0 0 0 0 0 0 0 0 0 0 0 0 0 0 0 0 0 0 0 0 0 0 0 0 17 17 0 0 0 0 0 0 0 0 0 0 0 0 0 0 0 0 16 0 0 0 0 0 0 0 17 18 22 22 4 0 0 0 0 0 0 0 0 0 0 0 0 0 0 0 0 18 22 22 22 22 4 11 0 0 0 0 0 0 3 22 
22 4 0 0 0 0 0 0 0 0 0 0 0 0 0 11 0 0 0 0 0 0 0 0 0 0 0 0 0 0 0 0 0 0 0 0 0 0 0 0 0 0 0 0 0 0 0 0 0 0 0 0 0 0 0 0 0 0 0 0 0 0 10 9 11 0 0 0 0 0 0 0 0 17 17 0 0 0 0 0 0 0 0 0 0 0 0 0 0 0 0 0 0 17 22 22 22 22 22 11 0 0 0 0 11 3 22 
22 4 0 0 0 0 0 0 0 0 0 0 11 1 21 21 2 0 0 0 0 0 0 0 10 0 0 0 0 9 0 0 0 0 0 0 0 0 0 0 0 0 0 0 0 9 11 0 0 0 0 9 0 11 0 0 0 9 10 0 9 3 21 21 21 4 0 0 0 0 0 0 0 0 0 0 0 0 0 0 23 24 24 24 24 24 24 24 24 24 25 0 0 0 17 17 17 17 18 22 4 0 10 3 22 8 22 
22 4 0 0 0 0 0 0 0 0 1 21 21 21 6 22 4 0 0 0 0 0 1 22 22 2 0 1 22 22 22 2 0 0 0 0 0 0 0 0 10 0 0 1 21 21 21 21 4 0 0 23 24 25 0 0 23 24 25 0 23 25 21 21 21 4 0 0 0 0 0 0 11 0 0 0 0 0 0 0 0 0 0 0 0 0 0 0 0 0 0 0 0 0 0 0 11 0 0 17 0 3 22 4 0 3 22 
22 4 9 0 10 0 0 0 0 11 3 22 22 22 22 22 4 0 0 0 0 0 3 22 22 4 0 3 22 22 22 4 0 0 1 22 2 0 0 1 21 21 2 3 22 22 22 22 22 4 0 0 0 0 3 22 4 0 0 0 3 21 21 21 21 4 0 0 0 0 0 3 21 4 0 11 3 22 22 4 0 0 0 0 9 0 0 0 0 0 0 0 0 0 0 3 21 4 9 10 3 22 22 4 9 3 22 
5 21 21 21 21 21 21 21 21 21 21 6 22 22 22 22 4 0 23 24 25 0 3 22 22 4 23 24 22 22 22 23 23 25 3 22 4 23 24 25 22 22 25 3 22 5 6 5 21 21 21 21 21 21 21 21 21 21 21 21 21 22 21 21 21 4 0 0 23 24 25 3 21 21 21 21 21 21 22 4 0 23 24 24 24 25 0 23 24 25 0 23 24 25 0 3 21 21 21 21 21 21 21 21 21 21 6 
