107
8
22 4 0 0 0 0 0 0 0 0 0 0 0 0 0 0 0 0 0 0 0 0 0 0 0 0 0 0 0 0 0 0 0 0 0 0 0 0 0 0 0 0 0 3 22 22 22 22 22 22 22 22 22 22 22 22 22 22 22 22 22 22 22 22 22 22 22 22 22 22 22 22 22 22 22 22 22 22 22 22 22 22 22 22 22 22 22 22 22 22 22 22 22 22 22 22 22 22 22 22 22 22 22 22 22 22 22 
22 4 0 0 0 0 0 0 0 0 0 0 0 0 0 0 0 0 0 0 0 0 0 0 0 0 0 0 0 23 24 25 0 0 0 0 0 0 0 0 0 0 0 0 18 22 22 19 17 17 17 17 17 17 17 17 17 17 17 17 17 17 17 17 17 17 17 17 17 17 18 22 22 22 22 17 17 17 17 17 17 17 17 17 17 17 17 17 17 17 17 18 22 22 22 22 22 19 17 17 17 17 17 17 17 18 22 
22 4 0 0 0 0 0 0 0 0 0 0 13 0 0 0 0 0 14 0 0 0 0 0 0 0 15 0 0 0 0 0 0 0 0 0 0 0 0 0 0 0 0 0 0 17 17 0 0 0 0 0 0 0 0 0 0 0 0 0 0 0 0 16 0 0 0 0 0 0 0 17 18 22 22 4 0 0 0 0 0 0 0 0 0 0 0 0 0 0 0 0 18 22 22 22 22 4 0 0 0 0 0 0 0 3 22 
22 4 0 0 0 0 0 0 0 0 0 0 0 0 0 11 0 0 0 0 0 0 0 0 0 0 0 0 0 0 0 0 0 0 11 0 0 0 0 0 0 0 0 0 0 0 0 0 0 0 0 0 23 24 24 24 24 24 24 25 0 0 10 0 11 0 0 0 0 0 0 0 0 17 17 0 0 0 0 0 1 21 21 2 0 0 0 0 0 0 0 0 0 17 17 17 17 0 0 0 0 0 0 0 0 3 22 
22 4 0 0 0 12 0 0 0 0 0 0 11 1 21 21 2 0 0 0 0 0 0 0 0 0 23 24 25 0 0 0 0 23 25 0 0 0 0 0 0 0 0 0 0 9 11 0 0 0 0 0 0 0 0 0 0 0 0 0 0 1 21 21 21 2 0 0 0 0 0 0 0 0 0 0 0 0 0 1 21 22 22 4 0 0 0 0 0 0 0 0 0 0 0 0 0 0 0 0 0 0 0 0 0 3 22 
22 4 0 0 0 0 0 0 0 0 1 21 21 21 6 22 4 0 0 0 0 0 10 9 0 0 0 0 0 0 10 0 0 0 0 0 0 11 0 0 10 0 0 1 21 21 21 21 2 0 0 0 9 0 0 0 0 9 0 0 0 3 22 22 22 4 0 0 0 0 0 0 0 0 0 0 0 0 1 21 22 22 22 4 0 0 0 0 0 0 0 0 0 0 0 0 0 0 0 0 0 0 0 0 0 3 22 
22 4 9 0 10 0 0 0 0 11 3 22 22 22 22 22 4 0 0 0 1 21 21 21 21 2 0 0 9 1 21 21 2 0 9 1 21 21 2 1 21 21 2 3 22 22 22 19 10 0 0 1 21 2 0 0 1 21 2 11 1 21 6 22 22 4 0 0 0 0 0 0 0 9 0 0 10 1 21 22 19 17 17 0 9 0 0 0 0 0 0 0 0 0 0 0 9 9 9 10 11 9 9 9 10 3 22 
5 21 21 21 21 21 21 21 21 21 21 6 22 22 22 22 4 0 0 0 3 22 22 22 22 21 21 21 21 21 6 5 21 21 21 21 6 22 4 3 22 22 4 3 22 22 22 5 21 21 21 21 21 21 21 21 21 21 21 21 21 6 22 22 22 4 0 0 23 24 25 1 21 21 21 21 21 21 22 19 0 23 24 24 25 0 0 23 24 25 0 23 24 25 0 1 21 21 21 21 21 21 21 21 21 21 6 
